100000010001100100100000101010001010101001101000010001010010000100100100000001000001001000011000010
000100010010001001001100001010000110101010101000010001010000101000001000100001000001001001000110000
000100010010001001001100001010001010101010010100011000001000101000001000100001000001001001000110000
000100010010001001001100001001001010101010010100010100000100101000001000100001000001001001001000010
000100010010001001001100001010001010101010011000010001010000101000001000100001000001001010001000010
000100010010001001001100001010001010101010100100010100001000101000001000100001000001001010000110000
100000010001010100100000011010001010101010010100011000001000101000001000100001000001001001000110000
000100010010001001001100001010001010101010100100010100001000101000001000100001000001001001000110000
000100010010001001001100001010001010101010100100010100001000101000001000100001000001001001000110000
000100010010001001001100001001001010101010100100010100001000101000001000100001000001001001001000010
000100010010001001001100001001001010101010100100010100000101000011000000010001000001001000011000010
000100010010001001001100001010001010101010100101000100001000101000001000100001000001001000011000010
100000010001100010100010001000101001101001101001000001010000011001000001000001000001001000010101000
010000001001100100010000101000101001101010101001000001010010000100010000010001000100100000011000010
010000001001100100100001001000101010101010100100010010001010000100010000010001000010000100011000010
010000100001100100100000011000101001101010101010000001010010000100010000010001001000100000011000010
010000001001010100100001001000101010100110101001000100010000100100010000010001001000000100101000010
010000001001100100100000101000101010100110101001000100001010000101000010000001000100010000101000010
001000001001010100100000101000101010100110101010001000001010000100010000010001001000010000011000010
010000100001100100100000011000101010101010100100010010001000100100010000010001000100000100101000010
010000001001100100100000101000101010101001101000010001010010000100100000010001001000000100101000010
010000001001100100100000011000101010100110101010001000001010000100100000010001001000000100011000010
010000100001100100100001001000101010101010100100011000001010000100100000010000010001001000011000010
010000000101100100100000011000101001101010101010000001010010000100100000010001001000000100011000010
010000001001100100100001001000101010101010100100010100001010000100010000010001000100000100011000010
010000001001100100100001001000101010100110101000100010001000100011000000010001000100000100011000010
010000001001100100100001001000101010101010100100010010001010000101000000010001001000000100101000010
100000010001100100100000100100101010101010100100010100001010000101000000010001000100000100101000010
010000001001100100100000101001001010101010100100010100001010000100010000010001000100000100101000010
010000001001100100100001000100101010101001101000010001010010000101000000010001001000000100101000010
010000100001100100100000011000101010101010100100011000001010000100010000010001001000000100011000010
010000001001100100100001001000101010100110101000100010001010000101000000010000010100000100011000010
010000001001100100100000011000101010101001101000010001010010000101000000010001000100000100011000010
000100010010001001001100001010001010101010100100010100001000101000001000100001000001001001001000010
000100010010001001001100001010001010101010100100010100001000101000001000100001000001001000011000010
000100010010001001001100001010001010101010100100010100001000101000001000100001000001001000011000010
001000000101100100100000101000101001101010101010000001010010000101000000011000001000000100011000010
000100010010001001001100001010001010101010100100011000001000010011000000010001000001001000011000010
000100010010001001001100001010001010101010100100011000001000010011000000010001000001001000101000010
001010000001100100100001001001001010100110101010001000001010000101000010000001000001001000011000010
100010000001100100100001001000101010101010100100011000001000100101000000010001000100000100101000010
001010000001100100100001001001001010100110101010001000001010000101000010000001000001001000011000010
000100010010001001001100001001001010101010100100011000001000101000001000100001000001001001001000010
000100010010001001001100001001001001011010100101000100001000101000001000100001000001001000011000010
000100010010001001001100001001001010101010100100010100001000101000001000100001000001001000010100001
000100010010001001001100001010001010101010100100011000001000101000001000100001000001001000011000010
001000001001100100100001001000101010101010100100010100001010000101000000010001001000000101001000010
010000001001100100100000101000101010100110100101000100001010000101000000010010000100000100011000010
010000001001100100100000101000101010101010100100010010001010000101000000010010000100000100011000010
100000010001100100100001001001001010101010100100011000001010000100100000010001000001001000010100001
000100010010001001001100001010001010101010100100010100001000101000001000100001000001001001000110000
000100010010001001001100001010001010101010100100010100001000101000001000100001000001001000100110000
100000010001100100100010001000101010101010011000010001010001001000100001000001000001001000010101000
100000010001100100100000101001001010101010100100010100001010000100100000010001000001001000011000010
000100010010001001001100001010001010101010100100010100000110001000001000100001000001001000101000010
000100010010001001001100001010001010101010100100010100000110001000001000100001000001001000101000010
000100010010001001001100001010001010101010100100010100000110001000001000100001000001001000101000010
000100010010001001001100001000101001101010010101000100001010001000001000100001000001001001000100100
000100010010001001001100001000101001101010010101000100001010001000001000100001000001001001000100100
000100010010001001001100001001001010101010100100011000000110000101000000010001000001001000011000010
100000010001100100100000101001001010101010100100010010001010000100100000010001000001001000011000010
100000010001100100100000101001001010101010100100011000001010000100100000010001000001001000011000010
000100010010001001001100001010001010101010100100010100100000101000001000100001000001001001001000010
010001000001010100100000011010001010101001101000010001010000101000001000100001000001001000010110000
100001000001100100100000011000011010101001101000010001010000101000001000100001000001001000010110000
000100010010001001001100001010001001101010101001000001010000101000001000100001000001001000010110000
000100010010001001001100001010001010101010100100010100001000101000001000100001000001001000100110000
000100010010001001001100001010001010101010100100010100001000101000001000100001000001001000100110000
000100010010001001001100001010001010101010100100010100001000101000001000100001000001001000010110000
000100010010001001001100001010001010101010100100010100001000101000001000100001000001001001000110000
100000010001100100100001001000101010101010100100010100001010000101000000010000100100000100101000010
100000010001100100100000011000101001101010101010000001010001000101000000010001001000100000011000010
100000010001100100100000101000101010101010100100010100001010000101000000010001001000000100011000010
100000010001100100100000101000101010101010100100010100001010000101000000010100000001001000100101000
010000001001010100100000101001001010101010100100011000001010000101000000010001000001001001001000010
010000001001100100100001001001001010101010100100010100001010000101000000010001000001001001001000010
